   0.0000000000000000        0.0000000000000000     
  0.50017597374675205       0.96926327438342752     
   1.0000000000000000        2.0000000000000000     
   1.4994720787597438        3.0922101768497177     
   2.0000000000000000        4.0000000000000000     
   2.5019357112142728        4.5118960182177021     
   3.0000000000000000        4.7999999999999998     
   3.4927850763831656        5.0727057502794723     
   4.0000000000000000        5.2999999999999998     
   4.5269239832530648        5.4222809806644072     
   5.0000000000000000        5.5000000000000000     
   5.3995189906045740        5.6006703270628977     
   6.0000000000000000        5.7000000000000002     
   7.0000000543286385        5.7625377110840006     
   8.0000000000000000        5.7999999999999998     
   8.7254807920808712        5.8304288286010983     
   10.000000000000000        5.8499999999999996     
   12.473076777347874        5.8532469745116060     
   15.000000000000000        5.8499999999999996     
   16.382212098527635        5.8565832733524772     
   17.000000000000000        5.9000000000000004     
   17.498074828541590        5.9954199320784847     
   18.000000000000000        6.0999999999999996     
   18.500488587306009        6.1804869983335831     
   19.000000000000000        6.2999999999999998     
   19.499970822234381        6.5576320745871799     
   20.000000000000000        7.0999999999999996     
   20.499628123756469        8.0014847033176952     
   21.000000000000000        9.0000000000000000     
   21.501516682739744        9.8114291121420383     
   22.000000000000000        10.400000000000000     
   22.494305145284553        10.802798848114151     
   23.000000000000000        11.100000000000000     
   23.521262736122047        11.364875495401360     
   24.000000000000000        11.600000000000000     
   24.420643910227263        11.793949170280404     
   25.000000000000000        11.949999999999999     
   25.921161622968910        12.078077823477017     
   27.000000000000000        12.199999999999999     
   28.019709597897101        12.324989535811527     
   29.000000000000000        12.400000000000000     
   29.999999985442685        12.378214033276876     
   31.000000000000000        12.300000000000001     
   31.980290460332156        12.212154331080974     
   33.000000000000000        12.100000000000000     
   34.078838173228689        11.935668642399232     
   35.000000000000000        11.699999999999999     
   35.579356846753086        11.395171099322097     
   36.000000000000000        11.100000000000000     
   36.478734439758981        10.858646960312379     
   37.000000000000000        10.500000000000000     
   37.505705394211006        9.8827410594283851     
   38.000000000000000        9.1999999999999993     
   38.498443983396996        8.5103888019740754     
   39.000000000000000        7.0000000000000000     
   39.500518672201004        3.9632037326753080     
   40.000000000000000        0.0000000000000000     
